1.6158
1.5766
1.5943
1.5538
1.5007
1.5168
1.5001
1.4476
1.4767
1.4477
1.4259
1.4935
1.4649
1.4453
1.4196
1.4332
1.4186
1.4162
1.4253
1.4542
1.4744
1.4544
1.4239
1.4541
1.4105
1.4165
1.4259
1.4577
1.4542
1.5332
1.5634
1.5508
1.5681
1.5656
1.5576
1.6097
1.6471
1.5734
1.5821
1.5998
1.6355
1.6561
1.61
1.579
1.6615
1.696
1.7241
1.7856
1.8238
1.8739
1.8423
1.7781
1.8313
1.8218
1.8195
1.8029
1.8127
1.8408
1.9092
1.9181
1.8837
1.9187
1.88716
1.9086
1.8171
1.7897
1.7551
1.8032
1.7642
1.7684
1.7299
1.7226
1.7782
1.7537
1.7369
1.8237
1.8709
1.84795
1.86745
1.9034
1.8722
1.9079
1.9661
1.9581
1.9633
1.9635
1.9678
1.9998
1.9793
2.0086
2.0286
2.0168
2.0451
2.0794
2.0559
1.9861
1.99015
1.9888
1.98275
1.9866
1.9819
1.9927
1.9826
1.81175
1.78285
1.6075
1.5342
1.4647
1.45355
1.4312
1.4358
1.4803
1.6175
1.6476
1.67105
1.6284
1.6
1.64595
1.6454
1.6168
1.5971
1.51795
1.5194
1.52665
1.45065
1.49565
1.56845
1.5341
1.57305
1.60461
1.55715
1.56081
1.60253
1.62679
1.60219
1.67045
1.6465
1.60188
1.64116
1.62458
1.55794
1.6075
1.57031
1.55407
1.57594
1.59204
1.60158
1.62296
1.53961
1.57034
1.56664
1.58629
1.6121
1.61311
1.60093
1.62608
1.58548
1.51607
1.51854
1.55274
1.51922
1.52098
1.52065
1.54957
1.61833
1.60375
1.63651
