1.6388
1.633
1.6495
1.6185
1.592
1.5976
1.6015
1.5936
1.5786
1.5765
1.5747
1.5955
1.5943
1.5797
1.5885
1.5813
1.5538
1.5296
1.5174
1.487
1.4727
1.5101
1.509
1.5155
1.501
1.5168
1.5136
1.5026
1.5175
1.5028
1.5059
1.5013
1.4905
1.4696
1.4646
1.415
1.3975
1.4539
1.4767
1.4463
1.4528
1.4518
1.4557
1.4509
1.4283
1.4233
1.4001
1.4424
1.4517
1.4763
1.477
1.4935
1.5046
1.478
1.4631
1.4622
1.4695
1.4451
1.4488
1.4555
1.4681
1.4702
1.4331
1.4257
1.4196
1.4398
1.4361
1.4413
1.4384
1.4393
1.419
1.4395
1.4228
1.4185
1.3785
1.4032
1.4133
1.4162
1.412
1.4045
1.428
1.4237
1.4293
1.4232
1.4451
1.4428
1.4542
1.461
1.4722
1.4567
1.4744
1.4842
1.4519
1.4332
1.4365
1.4627
1.4581
1.4274
1.4095
1.4239
1.4336
1.4528
1.4402
1.4506
1.4461
1.4484
1.438
1.409
1.4173
1.4149
1.4316
1.4327
1.4187
1.4227
1.4244
1.4258
1.4259
1.4334
1.4361
1.4476
1.4583
1.4692
1.464
1.458
1.4579
1.4542
1.4599
1.4773
1.4975
1.5332
1.5221
1.5535
1.5773
1.5648
1.5702
1.5239
1.5387
1.5206
1.5508
1.5595
1.5515
1.5547
1.5611
1.5658
1.5619
1.5461
1.5507
1.5648
1.5917
1.5804
1.581
1.5576
1.5764
1.5895
1.6034
1.6039
1.6107
1.6077
1.6136
1.6334
1.6471
1.6321
1.6153
1.5787
1.5734
1.6029
1.5827
1.5629
1.5741
1.5608
1.5707
1.5711
1.5918
1.6035
1.6041
1.6227
1.6361
1.6355
1.6626
1.6709
1.6642
1.6494
1.6675
1.6307
1.5905
1.6214
1.6113
1.6026
1.5968
1.5749
1.5775
1.5878
1.6023
1.6367
1.6589
1.6634
1.6633
1.6784
1.6946
1.696
1.6761
1.6879
1.7046
1.7216
1.7293
1.7456
1.7649
1.7711
1.7929
1.8475
1.7979
1.8258
1.8238
1.8472
1.8852
1.8614
1.8682
1.8458
1.8035
1.8333
1.8158
1.8285
1.8334
1.7976
1.771
1.7781
1.7863
1.761
1.7872
1.8327
1.8405
1.8193
1.8381
1.8269
1.8305
1.8595
1.8733
1.8316
1.8195
1.8413
1.8434
1.8197
1.7904
1.7764
1.7964
1.7931
1.8055
1.7985
1.7945
1.8041
1.828
1.836
1.8543
1.8561
1.8569
1.8938
1.9436
1.9147
1.9416
1.9237
1.9181
1.8706
1.8704
1.8769
1.8879
1.8757
1.8683
1.8942
1.9193
1.9226
1.926
1.9221
1.87026
1.88206
1.88506
1.8925
1.9143
1.9086
1.8906
1.8506
1.8268
1.824
1.8151
1.812
1.8308
1.8245
1.7673
1.7378
1.7517
1.7388
1.7575
1.7791
1.8149
1.7944
1.8003
1.8418
1.8394
1.8083
1.7752
1.7642
1.7609
1.7682
1.7682
1.773
1.7489
1.7415
1.7173
1.7143
1.7325
1.7545
1.7728
1.7334
1.7226
1.7704
1.7766
1.7706
1.7671
1.7626
1.744
1.74185
1.7455
1.7553
1.7259
1.7562
1.7421
1.7369
1.7426
1.751
1.7822
1.82555
1.859
1.8944
1.8794
1.8591
1.882
1.8398
1.85005
1.81735
1.84795
1.85075
1.838
1.8584
1.86345
1.9077
1.8901
1.88125
1.88695
1.9052
1.865
1.881
1.8995
1.8722
1.8687
1.8555
1.8831
1.8977
1.9011
1.9104
1.8941
1.9322
1.981
1.9546
1.9521
1.95785
1.9586
1.929
1.959
1.9734
1.9592
1.9659
1.949
1.9495
1.96335
1.9432
1.9318
1.9423
1.9613
1.9678
1.965
1.9858
2.0019
1.9976
1.9918
1.9814
1.9745
1.9836
1.9822
1.97
1.9759
1.9989
2.0086
2.0107
2.034
2.0559
2.024
2.04
2.0218
1.9804
2.0141
2.0168
2.0285
2.0072
2.02
2.0471
2.0419
2.0358
2.05135
2.05175
2.08925
2.08985
2.05435
2.0624
2.0559
2.03
2.0174
1.9833
1.9959
1.9735
1.9564
1.955
1.9826
1.9648
1.94545
1.9608
1.9665
1.9888
2.013
2.0189
1.9811
1.9938
1.9932
1.9686
1.9975
1.9856
1.9714
1.9535
1.9565
1.9796
1.9819
1.97075
1.9475
1.97585
1.99475
1.9819
1.9887
1.99825
1.9914
1.9751
1.92095
1.8658
1.8526
1.8208
1.76625
1.794
1.8312
1.8442
1.7712
1.7043
1.7281
1.58985
1.6075
1.5644
1.4733
1.49185
1.5367
1.46815
1.4943
1.49255
1.45585
1.45455
1.51615
1.4734
1.37935
1.45355
1.4783
1.4351
1.443
1.4312
1.409
1.3998
1.4462
1.43165
1.48365
1.4673
1.47945
1.4676
1.49185
1.52315
1.5175
1.5926
1.6186
1.5978
1.64405
1.6492
1.65225
1.633
1.62105
1.6334
1.64245
1.67105
1.66825
1.6541
1.6506
1.62665
1.639
1.6655
1.62695
1.59485
1.59475
1.58425
1.63545
1.63035
1.64595
1.661
1.667
1.65005
1.64985
1.64745
1.626
1.61505
1.5963
1.6162
1.6021
1.62615
1.61115
1.5982
1.5638
1.5698
1.547
1.5227
1.5134
1.52025
1.50105
1.4895
1.52035
1.53685
1.536
1.53745
1.52665
1.4801
1.45315
1.4456
1.44535
1.44515
1.45485
1.48195
1.5056
1.51925
1.50625
1.52955
1.5423
1.56845
1.59415
1.5592
1.55335
1.55265
1.54495
1.5356
1.5626
1.58135
1.5817
1.59615
1.599
1.56835
1.60355
1.61783
1.61122
1.59767
1.55845
1.57553
1.58002
1.55259
1.54215
1.56081
1.55431
1.58661
1.5996
1.58577
1.61099
1.6005
1.62501
1.61163
1.62666
1.60796
1.62296
1.60385
1.61096
1.63786
1.63223
1.65006
1.67045
1.63643
1.61932
1.62247
1.65033
1.64221
1.6219
1.61893
1.59565
1.60683
1.60563
1.61424
1.62962
1.64209
1.63875
1.62794
1.64633
1.63671
1.62145
1.58796
1.5787
1.5445
1.55794
1.55604
1.58175
1.59455
1.61243
1.60305
1.6063
1.58043
1.5437
1.55951
1.56673
1.55427
1.55847
1.55407
1.54248
1.53163
1.55738
1.5727
1.58115
1.57533
1.58211
1.5873
1.58325
1.5673
1.58403
1.5867
1.60158
1.58722
1.58444
1.61188
1.62632
1.61459
1.60656
1.58095
1.56639
1.53603
1.5469
1.57094
1.55803
1.57034
1.54844
1.55741
1.56178
1.57423
1.56377
1.5686
1.56934
1.58078
1.58629
1.60097
1.6215
1.62275
1.61644
1.61327
1.60629
1.59998
1.61028
1.6019
1.58933
1.58772
1.60201
1.60093
1.60353
1.6171
1.61653
1.61562
1.60654
1.61273
1.586
1.57924
1.56885
1.57904
1.55153
1.51593
1.50316
1.49126
1.51096
1.52274
1.51854
1.53339
1.53435
1.52276
1.54678
1.55697
1.53439
1.51658
1.51162
1.51922
1.55536
1.56977
1.54138
1.52098
1.48776
1.50993
1.52504
1.53783
1.5284
1.55045
1.56219
1.55633
1.54957
1.56259
1.58725
1.60028
1.61367
1.60087
1.59494
1.61637
1.61625
1.59201
1.60154
1.61155
1.62233
1.63651
